000000 1
000001 0
000010 0
000011 0
000100 0
000101 1
000110 0
000111 0
001000 0
001001 0
001010 1
001011 0
001100 0
001101 0
001110 0
001111 1
010000 0
010001 0
010010 0
010011 0
010100 1
010101 0
010110 0
010111 0
011000 0
011001 1
011010 0
011011 0
011100 0
011101 0
011110 1
011111 0
100000 1
100001 0
100010 0
100011 1
100100 0
100101 0
100110 1
100111 0
101000 0
101001 1
101010 0
101011 0
101100 1
101101 0
101110 0
101111 1
110000 0
110001 0
110010 1
110011 0
110100 0
110101 1
110110 0
110111 0
111000 1
111001 0
111010 0
111011 1
111100 0
111101 0
111110 1
111111 0
